0.003236 2
0.001598 4
0.001066 6
0.000828 8
0.000669 10
0.000567 12
0.000510 14
0.000441 16
0.000399 18
0.000358 20
0.000329 22
0.000305 24
0.000284 26
0.000274 28
0.000260 30
0.000237 32
0.000342 34
0.000184 36
0.000176 38
0.000161 40
0.000158 42
0.000145 44
0.000142 46
0.000149 48
0.000137 50
0.000136 52
0.000129 54
0.000133 56
0.000133 58
0.000123 60
0.000119 62
0.000132 64
0.000137 66
0.000135 68
0.000128 70
0.000126 72
0.000140 74
0.000121 76
0.000122 78
0.000133 80
0.000126 82
0.000130 84
0.000121 86
0.000118 88
0.000131 90
0.000122 92
0.000133 94
0.000120 96
0.000126 98
0.000132 100
0.000122 102
0.000117 104
0.000132 106
0.000121 108
0.000118 110
0.000135 112
0.000122 114
0.000127 116
0.000132 118
0.000123 120
0.000135 122
0.000144 124
0.000128 126
0.000120 128
0.000126 130
0.000132 132
0.000121 134
0.000133 136
0.000121 138
0.000123 140
0.000128 142
0.000125 144
0.000132 146
0.000122 148
0.000119 150
0.000131 152
0.000121 154
0.000118 156
0.000131 158
0.000121 160
0.000119 162
0.000133 164
0.000129 166
0.000133 168
0.000121 170
0.000118 172
0.000132 174
0.000122 176
0.000118 178
0.000132 180
0.000120 182
0.000132 184
0.000119 186
0.000120 188
0.000134 190
0.000127 192
0.000137 194
0.000122 196
0.000129 198
0.000142 200
0.000121 202
0.000134 204
0.000121 206
0.000118 208
0.000150 210
0.000121 212
0.000130 214
0.000127 216
0.000121 218
0.000134 220
0.000121 222
0.000119 224
0.000126 226
0.000123 228
0.000135 230
0.000122 232
0.000118 234
0.000134 236
0.000127 238
0.000124 240
0.000121 242
0.000118 244
0.000131 246
0.000125 248
0.000128 250
0.000132 252
0.000132 254
0.000118 256
0.000121 258
0.000125 260
0.000116 262
0.000116 264
0.000124 266
0.000117 268
0.000117 270
0.000117 272
0.000116 274
0.000116 276
0.000116 278
0.000116 280
0.000116 282
0.000129 284
0.000137 286
0.000127 288
0.000144 290
0.000122 292
0.000124 294
0.000128 296
0.000123 298
0.000143 300
0.000132 302
0.000121 304
0.000130 306
0.000121 308
0.000120 310
0.000127 312
0.000124 314
0.000132 316
0.000122 318
0.000118 320
0.000137 322
0.000135 324
0.000127 326
0.000138 328
0.000135 330
0.000135 332
0.000138 334
0.000126 336
0.000125 338
0.000124 340
0.000130 342
0.000121 344
0.000117 346
0.000124 348
0.000116 350
0.000117 352
0.000117 354
0.000117 356
0.000123 358
0.000140 360
0.000140 362
0.000150 364
0.000133 366
0.000135 368
0.000134 370
0.000139 372
0.000131 374
0.000135 376
0.000137 378
0.000128 380
0.000137 382
0.000147 384
0.000129 386
0.000143 388
0.000129 390
0.000137 392
0.000135 394
0.000128 396
0.000142 398
0.000130 400
0.000136 402
0.000129 404
0.000127 406
0.000142 408
0.000129 410
0.000127 412
0.000146 414
0.000143 416
0.000142 418
0.000142 420
0.000147 422
0.000129 424
0.000134 426
0.000124 428
0.000122 430
0.000138 432
0.000135 434
0.000149 436
0.000129 438
0.000123 440
0.000134 442
0.000127 444
0.000136 446
0.000125 448
0.000127 450
0.000134 452
0.000124 454
0.000131 456
0.000130 458
0.000119 460
0.000130 462
0.000141 464
0.000150 466
0.000137 468
0.000120 470
0.000134 472
0.000121 474
0.000127 476
0.000121 478
0.000118 480
0.000135 482
0.000123 484
0.000134 486
0.000129 488
0.000122 490
0.000134 492
0.000124 494
0.000120 496
0.000128 498
0.000124 500
0.000130 502
0.000122 504
0.000118 506
0.000133 508
0.000127 510
0.000121 512
0.000144 514
0.000140 516
0.000151 518
0.000130 520
0.000136 522
0.000150 524
0.000155 526
0.000141 528
0.000136 530
0.000127 532
0.000144 534
0.000133 536
0.000128 538
0.000146 540
0.000130 542
0.000143 544
0.000129 546
0.000130 548
0.000142 550
0.000130 552
0.000136 554
0.000133 556
0.000140 558
0.000143 560
0.000131 562
0.000145 564
0.000131 566
0.000128 568
0.000142 570
0.000132 572
0.000143 574
0.000130 576
0.000130 578
0.000141 580
0.000136 582
0.000132 584
0.000132 586
0.000128 588
0.000135 590
0.000130 592
0.000127 594
0.000138 596
0.000129 598
0.000132 600
0.000128 602
0.000126 604
0.000135 606
0.000130 608
0.000129 610
0.000129 612
0.000128 614
0.000132 616
0.000130 618
0.000120 620
0.000139 622
0.000129 624
0.000127 626
0.000129 628
0.000126 630
0.000136 632
0.000129 634
0.000119 636
0.000138 638
0.000130 640
0.000134 642
0.000122 644
0.000134 646
0.000122 648
0.000119 650
0.000128 652
0.000154 654
0.000137 656
0.000123 658
0.000119 660
0.000135 662
0.000123 664
0.000120 666
0.000131 668
0.000122 670
0.000128 672
0.000163 674
0.000153 676
0.000179 678
0.000159 680
0.000164 682
0.000155 684
0.000160 686
0.000167 688
0.000164 690
0.000162 692
0.000163 694
0.000156 696
0.000167 698
0.000158 700
0.000162 702
0.000147 704
0.000153 706
0.000147 708
0.000152 710
0.000161 712
0.000162 714
0.000169 716
0.000156 718
0.000162 720
0.000154 722
0.000144 724
0.000164 726
0.000148 728
0.000165 730
0.000155 732
0.000144 734
0.000158 736
0.000160 738
0.000153 740
0.000147 742
0.000145 744
0.000157 746
0.000147 748
0.000154 750
0.000146 752
0.000152 754
0.000154 756
0.000154 758
0.000149 760
0.000150 762
0.000144 764
0.000152 766
0.000140 768
0.000159 770
0.000146 772
0.000151 774
0.000158 776
0.000154 778
0.000160 780
0.000155 782
0.000144 784
0.000153 786
0.000147 788
0.000147 790
0.000146 792
0.000158 794
0.000140 796
0.000148 798
0.000151 800
0.000149 802
0.000151 804
0.000147 806
0.000144 808
0.000143 810
0.000146 812
0.000145 814
0.000154 816
0.000153 818
0.000152 820
0.000139 822
0.000151 824
0.000147 826
0.000144 828
0.000153 830
0.000138 832
0.000153 834
0.000140 836
0.000137 838
0.000150 840
0.000142 842
0.000148 844
0.000154 846
0.000141 848
0.000144 850
0.000146 852
0.000151 854
0.000138 856
0.000136 858
0.000143 860
0.000139 862
0.000138 864
0.000138 866
0.000137 868
0.000142 870
0.000137 872
0.000145 874
0.000143 876
0.000141 878
0.000142 880
0.000140 882
0.000147 884
0.000156 886
0.000135 888
0.000148 890
0.000146 892
0.000147 894
0.000136 896
0.000160 898
0.000139 900
0.000136 902
0.000144 904
0.000136 906
0.000134 908
0.000135 910
0.000133 912
0.000134 914
0.000133 916
0.000136 918
0.000134 920
0.000132 922
0.000142 924
0.000150 926
0.000150 928
0.000154 930
0.000148 932
0.000157 934
0.000154 936
0.000156 938
0.000164 940
0.000163 942
0.000156 944
0.000167 946
0.000157 948
0.000153 950
0.000159 952
0.000155 954
0.000164 956
0.000177 958
0.000169 960
0.000149 962
0.000167 964
0.000166 966
0.000160 968
0.000158 970
0.000155 972
0.000161 974
0.000148 976
0.000157 978
0.000162 980
0.000162 982
0.000153 984
0.000153 986
0.000151 988
0.000161 990
0.000148 992
0.000144 994
0.000144 996
0.000134 998
0.000136 1000
0.000139 1002
0.000134 1004
0.000134 1006
0.000138 1008
0.000135 1010
0.000139 1012
0.000142 1014
0.000146 1016
0.000137 1018
0.000138 1020
0.000133 1022
0.000145 1024
